%YAML:1.0
---
cameraMatrix: !!opencv-matrix
   rows: 3
   cols: 3
   dt: d
   data: [ 1.2807753579050629e+03, 0., 1.2542526855149129e+03, 0.,
       1.2837027317727075e+03, 1.0534861997213029e+03, 0., 0., 1. ]
distCoeffs: !!opencv-matrix
   rows: 1
   cols: 5
   dt: d
   data: [ -3.5126634673000584e-01, 1.7380991592171080e-01,
       8.2164296407139501e-04, -2.5268590556403181e-03,
       -5.0285399691778185e-02 ]
